0, 207
208, 292
293, 513
514, 668
669, 815
816, 908
909, 1054
1055, 1149
1150, 1241
1242, 1501
1502, 1630
1631, 1797
1798, 1887
1888, 2014
2015, 2092
2093, 2186
2187, 2439
2440, 2961
2962, 3049
3050, 3153
3154, 3271
3272, 3669
3670, 3936
3937, 4056
4057, 4143
4144, 4258
4259, 4379
4380, 4551
4552, 4851
4852, 4976
4978, 5148
5149, 5294
5295, 5411
5412, 5510
5511, 5612
5613, 5816
5817, 6211
6212, 6334
6335, 6509
6510, 6644
6645, 6814
6815, 6995
6996, 7123
7124, 7417
7418, 7519
7520, 7618
7619, 7699
7700, 7802
7803, 7958
7959, 8124
8125, 8230
8231, 8445
8446, 8628
8629, 8760
8761, 8898
8899, 8987
8988, 9133
9134, 9251
9252, 9372
9373, 9724
9725, 9820
9821, 9977
9978, 10121
10122, 10228
10229, 10348
10349, 10472
10473, 10573
10574, 10727
10728, 10817
10818, 10980
10981, 11107
11108, 11242
11243, 11396
11397, 11485
11486, 11894
11895, 12001
12002, 12284
12285, 12475
12476, 12618
12619, 12880
12881, 12998
12999, 13124
13125, 13293
13294, 13376
13377, 13775
13776, 13921
13922, 14019
14020, 14115
14116, 14348
14349, 14423
14424, 14579
14580, 14771
14772, 14874
14875, 15051
15052, 15155
15156, 15586
15587, 15847
15848, 15938
15939, 16018
16019, 16173
16174, 16275
16276, 16493
16494, 16571
16572, 16767
16768, 16842
16843, 16989
16990, 17128
17129, 17228
17229, 17417
17418, 17530
17531, 17656
17657, 17865
17866, 17954
17955, 18043
18044, 18182
18183, 18392
18393, 18547
18548, 18660
18661, 18835
18836, 18993
18994, 19071
19072, 19217
19218, 19332
19333, 19536
19537, 19800
19801, 20006
20007, 20116
20117, 20234
20235, 20396
20397, 20504
20505, 20628
20629, 20765
20766, 20858
20859, 20946
20947, 21052
21053, 21190
21191, 21307
21308, 21539
21540, 21736
21737, 21839
21840, 22058
22059, 22186
22187, 22258
22259, 22389
22390, 22657
22658, 22842
22843, 22994
22995, 23092
23093, 23186
23187, 23254
23255, 23365
23366, 23524
23525, 23696
23697, 23785
23786, 23959
23960, 24036
24037, 24165
24166, 24291
24292, 24410
24411, 24602
24603, 24717
24718, 24822
24823, 24939
24940, 25012
25013, 25285
25286, 25425
25426, 25572
25573, 25764
25765, 25923
25924, 26135
26136, 26239
26240, 26389
26390, 26805
26806, 26982
26983, 27080
27081, 27215
27216, 27310
27311, 27447
27448, 27543
27544, 27737
27738, 27839
27840, 27943
27944, 28156
28157, 28259
28260, 28354
28355, 28517
28518, 28676
28677, 28771
28772, 28895
28896, 29013
29014, 29112
29113, 29234
29235, 29490
29491, 29730
29731, 29841
29842, 30015
30016, 30099
30100, 30245
30246, 30608
30609, 30764
30765, 30876
30877, 31445
31446, 31569
31570, 31696
31697, 31960
31961, 32105
32106, 32383
32384, 32484
32485, 32781
32782, 32904
32905, 33017
33018, 33250
33251, 33484
33485, 33599
33600, 33692
33694, 34053
34054, 34237
34238, 34439
34440, 34587
34588, 34776
34777, 34895
34896, 35017
35018, 35119
35120, 35205
35206, 35432
35433, 35522
35523, 35644
35645, 35826
35827, 36084
36085, 36170
36171, 36362
36363, 36523
36524, 36686
36687, 36919
36920, 37051
37052, 37152
37153, 37276
37277, 37537
37538, 37658
37659, 37990
37991, 38096
38097, 38168
38169, 38285
38286, 38436
38437, 38570
38571, 38707
38708, 38846
38847, 38964
38965, 39060
39061, 39355
39356, 39514
39515, 39637
39638, 39790
39791, 39916
39917, 40116
40117, 40271
40272, 40415
40416, 40588
40589, 40697
40698, 40886
40887, 41038
41039, 41142
41143, 41589
41590, 41683
41684, 41942
41943, 42052
42053, 42253
42254, 42418
42419, 42534
42535, 42872
42873, 43109
43110, 43409
43410, 43518
43519, 43616
43617, 43828
43829, 43959
43960, 44214
44215, 44553
44554, 44756
44757, 44835
44836, 44937
44938, 45088
45089, 45181
45182, 45313
45314, 45630
45631, 45720
45721, 45829
45830, 45920
45921, 46036
46037, 46128
46129, 46344
46345, 46562
46563, 46673
46674, 46755
46756, 46884
46885, 47040
47041, 47270
47271, 47476
47477, 47586
47587, 47865
47866, 48042
48043, 48151
48152, 48433
48434, 48723
48724, 48825
48826, 49231
49232, 49316
49317, 49470
49471, 49571
49572, 49665
49666, 49778
49779, 49887
49888, 50050
50051, 50157
50158, 50237
50238, 50426
50427, 50731
50732, 50840
50841, 51003
51004, 51114
51115, 51245
51246, 51469
51470, 51640
51641, 51735
51736, 51846
51847, 51984
51985, 52090
52091, 52231
52232, 52327
52328, 52446
52447, 52564
52565, 52712
52713, 52831
52832, 53030
53031, 53196
53197, 53350
53351, 53501
53502, 53648
53649, 53749
53750, 53889
53890, 54059
54060, 54161
54162, 54609
54610, 54822
54823, 55012
55013, 55232
55233, 55336
55337, 55471
55472, 55535
55536, 55629
55630, 55724
55725, 55820
55821, 55928
55929, 56227
56228, 56395
56396, 56571
56572, 56663
56664, 56747
56748, 56868
56869, 56958
56959, 57060
57061, 57213
57214, 57318
57319, 57582
57583, 57752
57753, 57969
57970, 58185
58186, 58319
58320, 58603
58604, 58805
58806, 59036
59037, 59127
59128, 59204
59205, 59520
59521, 59607
59608, 59690
59691, 59826
59827, 60010
60011, 60119
60120, 60246
60247, 60403
60404, 60561
60562, 60655
60656, 60789
60790, 60899
60900, 61381
61382, 61536
61537, 61636
61638, 61728
61729, 61838
61839, 61942
61943, 62050
62051, 62252
62253, 62332
62333, 62544
62545, 62689
62690, 62776
62778, 62861
62862, 62999
63000, 63111
63112, 63239
63240, 63377
63378, 63492
63493, 63576
63577, 63771
63772, 63935
63936, 64016
64017, 64168
64169, 64284
64285, 64354
64355, 64485
64486, 64660
64661, 64828
64829, 64959
64960, 65119
65120, 65211
65212, 65462
65463, 65634
65635, 66301
66302, 66431
66432, 66526
66528, 66639
66640, 66818
66819, 67277
67278, 67499
67500, 67606
67607, 67687
67688, 67841
67842, 67964
67965, 68082
68083, 68183
68184, 68367
68368, 68561
68562, 68773
68774, 68935
68936, 69045
69046, 69488
69489, 69637
69638, 69755
69756, 69878
69879, 70012
70013, 70244
70245, 70433
70434, 70538
70539, 70740
70741, 70849
70850, 71180
71181, 71280
71281, 71399
71400, 71514
71515, 71581
71582, 71749
71750, 71860
71861, 72011
72012, 72206
72207, 72350
72351, 72466
72467, 72612
72613, 72784
72785, 72867
72868, 73020
73021, 73137
73138, 73348
73349, 73489
73490, 73641
73642, 73791
73792, 73895
73896, 74006
74007, 74127
74128, 74216
74217, 74331
74332, 74421
74422, 74534
74535, 74666
74667, 74818
74819, 75026
75027, 75289
75290, 75373
75374, 75484
75485, 75653
75654, 75921
75922, 76083
76084, 76251
76252, 76406
76407, 76618
76619, 76716
76717, 76799
76800, 76910
76911, 77298
77299, 77541
77542, 77780
77781, 77866
77867, 78057
78058, 78249
78250, 78342
78343, 78467
78468, 78586
78587, 78713
78714, 78825
78826, 78910
78911, 78990
78991, 79109
79110, 79311
79312, 79440
79441, 79552
79553, 79635
79636, 79745
79746, 79844
79845, 79932
79933, 80054
80055, 80196
80197, 80331
80332, 80564
80565, 80806
80807, 80891
80892, 81022
81023, 81111
81112, 81327
81328, 81532
81533, 81626
81627, 81717
81718, 81862
81863, 81945
81946, 82075
82076, 82187
82188, 82299
82300, 82474
82475, 82602
82603, 82703
82706, 82808
82809, 82914
82915, 83004
83005, 83130
83131, 83232
83233, 83317
83318, 83555
83556, 83641
83642, 83795
83796, 83960
83961, 84043
84044, 84139
84140, 84263
84264, 84381
84382, 84485
84486, 84622
84623, 85021
85022, 85206
85207, 85339
85340, 85473
85474, 85580
85581, 85695
85696, 85813
85814, 85925
85926, 86037
86038, 86237
86238, 86381
86382, 86490
86491, 86586
86587, 86751
86752, 86979
86980, 87277
87278, 87369
87370, 87572
87573, 87930
87931, 88081
88082, 88192
88193, 88311
88312, 88413
88414, 88602
88603, 88682
88683, 88822
88823, 88999
89000, 89110
89111, 89237
89238, 89417
89418, 89504
89505, 89621
89622, 89882
89883, 89981
89982, 90242
90243, 90348
90349, 90532
90533, 90720
90721, 90859
90860, 91042
91043, 91246
91247, 91386
91387, 91970
91971, 92051
92052, 92177
92178, 92359
92360, 92427
92428, 92550
92551, 92650
92651, 92729
92730, 92844
92845, 92956
92957, 93158
93159, 93274
93275, 93412
93414, 93500
93501, 93721
93722, 93947
93948, 94107
94108, 94243
94244, 94372
94373, 94478
94479, 94620
94621, 94725
94726, 94831
94832, 95035
95036, 95113
95114, 95237
95238, 95358
95359, 95455
95456, 95550
95551, 95684
95685, 95753
95754, 95835
95836, 96033
96034, 96200
96201, 96306
96307, 96403
96404, 96685
96686, 96878
96879, 97041
97042, 97237
97238, 97413
97414, 97511
97512, 97888
97889, 98060
98061, 98192
98193, 98649
98650, 98759
98760, 98872
98873, 98973
98974, 99149
99150, 99320
99321, 99427
99428, 99516
99517, 99634
99635, 99814
99815, 100004
100005, 100099
100100, 100343
100344, 100655
100656, 100848
100849, 100961
100962, 101101
101102, 101229
101230, 101367
101368, 101558
101559, 101705
101706, 102012
102013, 102150
102151, 102285
102286, 102379
102380, 102503
102504, 102624
102625, 102883
102884, 102982
102983, 103183
103184, 103378
103379, 103512
103513, 103647
103648, 104212
104213, 104356
104357, 104511
104512, 104770
104771, 104858
104859, 105133
105134, 105242
105243, 105326
105327, 105474
105475, 105797
105798, 105897
105898, 106040
106041, 106246
106247, 106352
106353, 106480
106481, 106593
106594, 106738
106739, 107134
107135, 107248
107249, 107518
107519, 107609
107610, 107714
107715, 107950
107951, 108106
108107, 108190
108191, 108382
108383, 108656
108657, 108809
108810, 108898
108899, 108996
108997, 109435
109436, 109557
109558, 109726
109727, 109853
109854, 109940
109941, 110020
110021, 110216
110217, 110299
110300, 110424
110425, 110521
110522, 110666
110667, 110805
110806, 110910
110911, 111007
111008, 111125
111126, 111277
111278, 111371
111372, 111453
111454, 111556
111557, 111718
111719, 111965
111966, 112051
112052, 112253
112254, 112343
112344, 112764
112765, 112876
112877, 112959
112960, 113197
113198, 113316
113317, 113612
113613, 113755
113756, 113855
113856, 113996
113997, 114089
114090, 114183
114184, 114368
114369, 114483
114484, 114602
114603, 114789
114790, 114911
114912, 115025
115026, 115108
115109, 115220
115221, 115380
115381, 115534
115535, 115691
115692, 115812
115813, 116044
116045, 116173
116174, 116494
116495, 116666
116667, 116769
116770, 116872
116873, 116997
116998, 117116
117117, 117249
117250, 117395
117396, 117503
117504, 117889
117891, 117988
117989, 118099
118100, 118188
118189, 118315
118316, 118463
118464, 118581
118582, 118686
118687, 118806
118807, 118943
118944, 119052
119053, 119153
119154, 119234
119235, 119573
