(0, 118),
(122, 139),
(143, 161),
(165, 184),
(188, 207),
(208, 232),
(236, 249),
(253, 264),
(268, 278),
(282, 292),
(293, 473),
(477, 481),
(485, 492),
(496, 503),
(507, 513),
(514, 575),
(579, 597),
(601, 620),
(624, 644),
(648, 668),
(669, 704),
(708, 723),
(727, 742),
(746, 779),
(783, 815),
(816, 850),
(854, 863),
(867, 876),
(880, 890),
(894, 908),
(909, 1003),
(1007, 1018),
(1022, 1029),
(1033, 1044),
(1048, 1054),
(1055, 1086),
(1090, 1101),
(1105, 1118),
(1122, 1134),
(1138, 1149),
(1150, 1185),
(1189, 1205),
(1209, 1216),
(1220, 1231),
(1235, 1241),
(1242, 1433),
(1437, 1450),
(1454, 1467),
(1471, 1485),
(1489, 1501),
(1502, 1547),
(1551, 1566),
(1570, 1587),
(1591, 1608),
(1612, 1630),
(1631, 1743),
(1747, 1757),
(1761, 1770),
(1774, 1786),
(1790, 1797),
(1798, 1838),
(1842, 1849),
(1853, 1860),
(1864, 1877),
(1881, 1887),
(1888, 1952),
(1956, 1970),
(1974, 1980),
(1984, 1995),
(1999, 2014),
(2015, 2039),
(2043, 2051),
(2055, 2066),
(2070, 2077),
(2081, 2092),
(2093, 2112),
(2116, 2128),
(2132, 2146),
(2150, 2168),
(2172, 2186),
(2187, 2308),
(2312, 2341),
(2345, 2375),
(2379, 2407),
(2411, 2439),
(2440, 2805),
(2809, 2854),
(2858, 2884),
(2888, 2913),
(2917, 2961),
(2962, 2982),
(2986, 2999),
(3003, 3016),
(3020, 3028),
(3032, 3049),
(3050, 3084),
(3088, 3097),
(3101, 3121),
(3125, 3139),
(3143, 3153),
(3154, 3207),
(3211, 3221),
(3225, 3237),
(3241, 3251),
(3255, 3271),
(3272, 3380),
(3384, 3454),
(3458, 3527),
(3531, 3610),
(3614, 3669),
(3670, 3692),
(3696, 3754),
(3758, 3813),
(3817, 3873),
(3877, 3936),
(3937, 4022),
(4026, 4034),
(4038, 4041),
(4045, 4049),
(4053, 4056),
(4057, 4086),
(4090, 4101),
(4105, 4112),
(4116, 4125),
(4129, 4143),
(4144, 4198),
(4202, 4217),
(4221, 4231),
(4235, 4245),
(4249, 4258),
(4259, 4318),
(4322, 4333),
(4337, 4350),
(4354, 4367),
(4371, 4379),
(4380, 4476),
(4480, 4494),
(4498, 4513),
(4517, 4533),
(4537, 4551),
(4552, 4634),
(4638, 4685),
(4689, 4728),
(4732, 4777),
(4781, 4851),
(4852, 4924),
(4928, 4938),
(4942, 4951),
(4955, 4964),
(4968, 4976),
(4978, 5084),
(5088, 5098),
(5102, 5116),
(5120, 5135),
(5139, 5148),
(5149, 5210),
(5214, 5226),
(5230, 5248),
(5252, 5270),
(5274, 5294),
(5295, 5358),
(5362, 5373),
(5377, 5383),
(5387, 5401),
(5405, 5411),
(5412, 5447),
(5451, 5460),
(5464, 5477),
(5481, 5492),
(5496, 5510),
(5511, 5545),
(5549, 5561),
(5565, 5573),
(5577, 5591),
(5595, 5612),
(5613, 5645),
(5649, 5683),
(5687, 5728),
(5732, 5764),
(5768, 5816),
(5817, 5927),
(5931, 6002),
(6006, 6064),
(6068, 6167),
(6171, 6211),
(6212, 6288),
(6292, 6299),
(6303, 6310),
(6314, 6320),
(6324, 6334),
(6335, 6406),
(6410, 6429),
(6433, 6453),
(6457, 6482),
(6486, 6509),
(6510, 6541),
(6545, 6563),
(6567, 6586),
(6590, 6607),
(6611, 6644),
(6645, 6709),
(6713, 6723),
(6727, 6746),
(6750, 6792),
(6796, 6814),
(6815, 6847),
(6851, 6884),
(6888, 6932),
(6936, 6974),
(6978, 6995),
(6996, 7030),
(7034, 7054),
(7058, 7077),
(7081, 7110),
(7114, 7123),
(7124, 7150),
(7154, 7216),
(7220, 7291),
(7295, 7362),
(7366, 7417),
(7418, 7467),
(7471, 7478),
(7482, 7495),
(7499, 7509),
(7513, 7519),
(7520, 7570),
(7574, 7581),
(7585, 7592),
(7596, 7608),
(7612, 7618),
(7619, 7650),
(7654, 7663),
(7667, 7677),
(7681, 7689),
(7693, 7699),
(7700, 7739),
(7743, 7756),
(7760, 7770),
(7774, 7786),
(7790, 7802),
(7803, 7906),
(7910, 7920),
(7924, 7936),
(7940, 7947),
(7951, 7958),
(7959, 8040),
(8044, 8062),
(8066, 8083),
(8087, 8106),
(8110, 8124),
(8125, 8165),
(8169, 8184),
(8188, 8200),
(8204, 8214),
(8218, 8230),
(8231, 8262),
(8266, 8294),
(8298, 8330),
(8334, 8388),
(8392, 8445),
(8446, 8474),
(8478, 8511),
(8515, 8554),
(8558, 8591),
(8595, 8628),
(8629, 8661),
(8665, 8685),
(8689, 8708),
(8712, 8735),
(8739, 8760),
(8761, 8841),
(8845, 8855),
(8859, 8871),
(8875, 8885),
(8889, 8898),
(8899, 8934),
(8938, 8948),
(8952, 8959),
(8963, 8973),
(8977, 8987),
(8988, 9048),
(9052, 9073),
(9077, 9102),
(9106, 9116),
(9120, 9133),
(9134, 9191),
(9195, 9208),
(9212, 9221),
(9225, 9233),
(9237, 9251),
(9252, 9311),
(9315, 9327),
(9331, 9339),
(9343, 9356),
(9360, 9372),
(9373, 9443),
(9447, 9527),
(9531, 9622),
(9626, 9702),
(9706, 9724),
(9725, 9755),
(9759, 9770),
(9774, 9786),
(9790, 9803),
(9807, 9820),
(9821, 9874),
(9878, 9900),
(9904, 9924),
(9928, 9951),
(9955, 9977),
(9978, 10028),
(10032, 10055),
(10059, 10081),
(10085, 10104),
(10108, 10121),
(10122, 10172),
(10176, 10186),
(10190, 10205),
(10209, 10216),
(10220, 10228),
(10229, 10297),
(10301, 10309),
(10313, 10320),
(10324, 10334),
(10338, 10348),
(10349, 10423),
(10427, 10432),
(10436, 10446),
(10450, 10460),
(10464, 10472),
(10473, 10522),
(10526, 10534),
(10538, 10549),
(10553, 10564),
(10568, 10573),
(10574, 10625),
(10629, 10648),
(10652, 10677),
(10681, 10704),
(10708, 10727),
(10728, 10758),
(10762, 10772),
(10776, 10789),
(10793, 10803),
(10807, 10817),
(10818, 10901),
(10905, 10924),
(10928, 10944),
(10948, 10961),
(10965, 10980),
(10981, 11029),
(11033, 11049),
(11053, 11067),
(11071, 11084),
(11088, 11107),
(11108, 11192),
(11196, 11206),
(11210, 11216),
(11220, 11230),
(11234, 11242),
(11243, 11291),
(11295, 11322),
(11326, 11346),
(11350, 11372),
(11376, 11396),
(11397, 11419),
(11423, 11432),
(11436, 11451),
(11455, 11470),
(11474, 11485),
(11486, 11518),
(11522, 11611),
(11615, 11702),
(11706, 11791),
(11795, 11894),
(11895, 11937),
(11941, 11958),
(11962, 11974),
(11978, 11988),
(11992, 12001),
(12002, 12072),
(12076, 12105),
(12109, 12166),
(12170, 12223),
(12227, 12284),
(12285, 12312),
(12316, 12351),
(12355, 12394),
(12398, 12424),
(12428, 12475),
(12476, 12547),
(12551, 12566),
(12570, 12580),
(12584, 12595),
(12599, 12618),
(12619, 12668),
(12672, 12724),
(12728, 12792),
(12796, 12838),
(12842, 12880),
(12881, 12932),
(12936, 12946),
(12950, 12960),
(12964, 12980),
(12984, 12998),
(12999, 13067),
(13071, 13081),
(13085, 13096),
(13100, 13108),
(13112, 13124),
(13125, 13223),
(13227, 13234),
(13238, 13252),
(13256, 13272),
(13276, 13293),
(13294, 13319),
(13323, 13331),
(13335, 13346),
(13350, 13359),
(13363, 13376),
(13377, 13431),
(13435, 13511),
(13515, 13614),
(13618, 13700),
(13704, 13775),
(13776, 13825),
(13829, 13851),
(13855, 13875),
(13879, 13905),
(13909, 13921),
(13922, 13957),
(13961, 13972),
(13976, 13988),
(13992, 14007),
(14011, 14019),
(14020, 14059),
(14063, 14071),
(14075, 14086),
(14090, 14101),
(14105, 14115),
(14116, 14172),
(14176, 14202),
(14206, 14254),
(14258, 14305),
(14309, 14348),
(14349, 14374),
(14378, 14385),
(14389, 14398),
(14402, 14412),
(14416, 14423),
(14424, 14490),
(14494, 14505),
(14509, 14528),
(14532, 14542),
(14546, 14579),
(14580, 14639),
(14643, 14661),
(14665, 14700),
(14704, 14743),
(14747, 14771),
(14772, 14812),
(14816, 14826),
(14830, 14851),
(14855, 14863),
(14867, 14874),
(14875, 14917),
(14921, 14957),
(14961, 14982),
(14986, 15015),
(15019, 15051),
(15052, 15093),
(15097, 15107),
(15111, 15127),
(15131, 15142),
(15146, 15155),
(15156, 15244),
(15248, 15328),
(15332, 15414),
(15418, 15500),
(15504, 15586),
(15587, 15734),
(15738, 15765),
(15769, 15798),
(15802, 15824),
(15828, 15847),
(15848, 15884),
(15888, 15896),
(15900, 15909),
(15913, 15923),
(15927, 15938),
(15939, 15961),
(15965, 15974),
(15978, 15986),
(15990, 16001),
(16005, 16018),
(16019, 16066),
(16070, 16092),
(16096, 16120),
(16124, 16145),
(16149, 16173),
(16174, 16195),
(16199, 16212),
(16216, 16227),
(16231, 16251),
(16255, 16275),
(16276, 16291),
(16295, 16341),
(16345, 16392),
(16396, 16443),
(16447, 16493),
(16494, 16504),
(16508, 16519),
(16523, 16534),
(16538, 16556),
(16560, 16571),
(16572, 16586),
(16590, 16641),
(16645, 16725),
(16729, 16745),
(16749, 16767),
(16768, 16780),
(16784, 16791),
(16795, 16804),
(16808, 16824),
(16828, 16842),
(16843, 16887),
(16891, 16905),
(16909, 16922),
(16926, 16975),
(16979, 16989),
(16990, 17025),
(17029, 17052),
(17056, 17079),
(17083, 17105),
(17109, 17128),
(17129, 17182),
(17186, 17194),
(17198, 17205),
(17209, 17216),
(17220, 17228),
(17229, 17297),
(17301, 17315),
(17319, 17343),
(17347, 17380),
(17384, 17417),
(17418, 17482),
(17486, 17498),
(17502, 17509),
(17513, 17520),
(17524, 17530),
(17531, 17573),
(17577, 17587),
(17591, 17615),
(17619, 17639),
(17643, 17656),
(17657, 17720),
(17724, 17750),
(17754, 17787),
(17791, 17823),
(17827, 17865),
(17866, 17891),
(17895, 17907),
(17911, 17926),
(17930, 17942),
(17946, 17954),
(17955, 18015),
(18019, 18022),
(18026, 18029),
(18033, 18036),
(18040, 18043),
(18044, 18087),
(18091, 18113),
(18117, 18136),
(18140, 18161),
(18165, 18182),
(18183, 18255),
(18259, 18289),
(18293, 18338),
(18342, 18371),
(18375, 18392),
(18393, 18461),
(18465, 18482),
(18486, 18504),
(18508, 18526),
(18530, 18547),
(18548, 18581),
(18585, 18595),
(18599, 18617),
(18621, 18639),
(18643, 18660),
(18661, 18729),
(18733, 18759),
(18763, 18787),
(18791, 18813),
(18817, 18835),
(18836, 18887),
(18891, 18911),
(18915, 18931),
(18935, 18955),
(18959, 18993),
(18994, 19020),
(19024, 19035),
(19039, 19046),
(19050, 19056),
(19060, 19071),
(19072, 19162),
(19166, 19176),
(19180, 19190),
(19194, 19204),
(19208, 19217),
(19218, 19271),
(19275, 19287),
(19291, 19300),
(19304, 19316),
(19320, 19332),
(19333, 19376),
(19380, 19411),
(19415, 19446),
(19450, 19494),
(19498, 19536),
(19537, 19598),
(19602, 19668),
(19672, 19702),
(19706, 19750),
(19754, 19800),
(19801, 19879),
(19883, 19914),
(19918, 19945),
(19949, 19978),
(19982, 20006),
(20007, 20034),
(20038, 20054),
(20058, 20074),
(20078, 20096),
(20100, 20116),
(20117, 20162),
(20166, 20183),
(20187, 20204),
(20208, 20217),
(20221, 20234),
(20235, 20334),
(20338, 20348),
(20352, 20364),
(20368, 20378),
(20382, 20396),
(20397, 20440),
(20444, 20454),
(20458, 20468),
(20472, 20489),
(20493, 20504),
(20505, 20560),
(20564, 20578),
(20582, 20595),
(20599, 20612),
(20616, 20628),
(20629, 20713),
(20717, 20727),
(20731, 20742),
(20746, 20752),
(20756, 20765),
(20766, 20801),
(20805, 20817),
(20821, 20827),
(20831, 20844),
(20848, 20858),
(20859, 20901),
(20905, 20911),
(20915, 20923),
(20927, 20934),
(20938, 20946),
(20947, 20977),
(20981, 20998),
(21002, 21017),
(21021, 21039),
(21043, 21052),
(21053, 21098),
(21102, 21133),
(21137, 21146),
(21150, 21169),
(21173, 21190),
(21191, 21243),
(21247, 21259),
(21263, 21274),
(21278, 21291),
(21295, 21307),
(21308, 21333),
(21337, 21386),
(21390, 21452),
(21456, 21496),
(21500, 21539),
(21540, 21614),
(21618, 21645),
(21649, 21676),
(21680, 21707),
(21711, 21736),
(21737, 21776),
(21780, 21793),
(21797, 21809),
(21813, 21825),
(21829, 21839),
(21840, 21873),
(21877, 21921),
(21925, 21967),
(21971, 22013),
(22017, 22058),
(22059, 22147),
(22151, 22154),
(22158, 22161),
(22165, 22168),
(22172, 22186),
(22187, 22210),
(22214, 22221),
(22225, 22234),
(22238, 22246),
(22250, 22258),
(22259, 22327),
(22331, 22342),
(22346, 22354),
(22358, 22371),
(22375, 22389),
(22390, 22412),
(22416, 22475),
(22479, 22602),
(22606, 22636),
(22640, 22657),
(22658, 22749),
(22753, 22781),
(22785, 22813),
(22817, 22830),
(22834, 22842),
(22843, 22895),
(22899, 22909),
(22913, 22944),
(22948, 22968),
(22972, 22994),
(22995, 23032),
(23036, 23045),
(23049, 23060),
(23064, 23076),
(23080, 23092),
(23093, 23137),
(23141, 23150),
(23154, 23161),
(23165, 23175),
(23179, 23186),
(23187, 23215),
(23219, 23224),
(23228, 23233),
(23237, 23243),
(23247, 23254),
(23255, 23301),
(23305, 23317),
(23321, 23336),
(23340, 23349),
(23353, 23365),
(23366, 23428),
(23432, 23450),
(23454, 23470),
(23474, 23499),
(23503, 23524),
(23525, 23607),
(23611, 23623),
(23627, 23652),
(23656, 23674),
(23678, 23696),
(23697, 23734),
(23738, 23746),
(23750, 23758),
(23762, 23773),
(23777, 23785),
(23786, 23845),
(23849, 23873),
(23877, 23899),
(23903, 23930),
(23934, 23959),
(23960, 23981),
(23985, 23999),
(24003, 24013),
(24017, 24025),
(24029, 24036),
(24037, 24097),
(24101, 24119),
(24123, 24136),
(24140, 24152),
(24156, 24165),
(24166, 24193),
(24197, 24213),
(24217, 24232),
(24236, 24261),
(24265, 24291),
(24292, 24344),
(24348, 24361),
(24365, 24376),
(24380, 24392),
(24396, 24410),
(24411, 24435),
(24439, 24460),
(24464, 24524),
(24528, 24574),
(24578, 24602),
(24603, 24643),
(24647, 24661),
(24665, 24676),
(24680, 24696),
(24700, 24717),
(24718, 24776),
(24780, 24786),
(24790, 24799),
(24803, 24811),
(24815, 24822),
(24823, 24883),
(24887, 24900),
(24904, 24915),
(24919, 24927),
(24931, 24939),
(24940, 24952),
(24956, 24965),
(24969, 24984),
(24988, 25000),
(25004, 25012),
(25013, 25026),
(25030, 25096),
(25100, 25159),
(25163, 25222),
(25226, 25285),
(25286, 25330),
(25334, 25363),
(25367, 25384),
(25388, 25405),
(25409, 25425),
(25426, 25500),
(25504, 25521),
(25525, 25535),
(25539, 25552),
(25556, 25572),
(25573, 25621),
(25625, 25652),
(25656, 25703),
(25707, 25745),
(25749, 25764),
(25765, 25867),
(25871, 25881),
(25885, 25893),
(25897, 25908),
(25912, 25923),
(25924, 25958),
(25962, 26011),
(26015, 26058),
(26062, 26113),
(26117, 26135),
(26136, 26196),
(26200, 26207),
(26211, 26218),
(26222, 26227),
(26231, 26239),
(26240, 26314),
(26318, 26337),
(26341, 26358),
(26362, 26380),
(26384, 26389),
(26390, 26439),
(26443, 26538),
(26542, 26618),
(26622, 26714),
(26718, 26805),
(26806, 26905),
(26909, 26924),
(26928, 26944),
(26948, 26964),
(26968, 26982),
(26983, 27017),
(27021, 27033),
(27037, 27051),
(27055, 27067),
(27071, 27080),
(27081, 27131),
(27135, 27152),
(27156, 27179),
(27183, 27198),
(27202, 27215),
(27216, 27246),
(27250, 27260),
(27264, 27274),
(27278, 27292),
(27296, 27310),
(27311, 27419),
(27423, 27426),
(27430, 27433),
(27437, 27441),
(27445, 27447),
(27448, 27461),
(27465, 27482),
(27486, 27503),
(27507, 27524),
(27528, 27543),
(27544, 27608),
(27612, 27645),
(27649, 27682),
(27686, 27713),
(27717, 27737),
(27738, 27771),
(27775, 27786),
(27790, 27803),
(27807, 27822),
(27826, 27839),
(27840, 27879),
(27883, 27896),
(27900, 27910),
(27914, 27928),
(27932, 27943),
(27944, 28033),
(28037, 28064),
(28068, 28092),
(28096, 28132),
(28136, 28156),
(28157, 28213),
(28217, 28223),
(28227, 28235),
(28239, 28247),
(28251, 28259),
(28260, 28287),
(28291, 28306),
(28310, 28320),
(28324, 28341),
(28345, 28354),
(28355, 28462),
(28466, 28477),
(28481, 28492),
(28496, 28504),
(28508, 28517),
(28518, 28610),
(28614, 28626),
(28630, 28643),
(28647, 28659),
(28663, 28676),
(28677, 28722),
(28726, 28735),
(28739, 28744),
(28748, 28754),
(28758, 28771),
(28772, 28825),
(28829, 28843),
(28847, 28860),
(28864, 28877),
(28881, 28895),
(28896, 28952),
(28956, 28965),
(28969, 28977),
(28981, 28998),
(29002, 29013),
(29014, 29054),
(29058, 29065),
(29069, 29077),
(29081, 29094),
(29098, 29112),
(29113, 29169),
(29173, 29186),
(29190, 29203),
(29207, 29218),
(29222, 29234),
(29235, 29292),
(29296, 29359),
(29363, 29403),
(29407, 29448),
(29452, 29490),
(29491, 29519),
(29523, 29574),
(29578, 29626),
(29630, 29670),
(29674, 29730),
(29731, 29790),
(29794, 29803),
(29807, 29816),
(29820, 29829),
(29833, 29841),
(29842, 29869),
(29873, 29913),
(29917, 29954),
(29958, 29993),
(29997, 30015),
(30016, 30042),
(30046, 30053),
(30057, 30069),
(30073, 30082),
(30086, 30099),
(30100, 30171),
(30175, 30192),
(30196, 30203),
(30207, 30230),
(30234, 30245),
(30246, 30506),
(30510, 30537),
(30541, 30560),
(30564, 30584),
(30588, 30608),
(30609, 30658),
(30662, 30684),
(30688, 30716),
(30720, 30742),
(30746, 30764),
(30765, 30822),
(30826, 30834),
(30838, 30848),
(30852, 30863),
(30867, 30876),
(30877, 31385),
(31389, 31401),
(31405, 31417),
(31421, 31432),
(31436, 31445),
(31446, 31507),
(31511, 31521),
(31525, 31535),
(31539, 31551),
(31555, 31569),
(31570, 31617),
(31621, 31634),
(31638, 31649),
(31653, 31674),
(31678, 31696),
(31697, 31766),
(31770, 31832),
(31836, 31900),
(31904, 31938),
(31942, 31960),
(31961, 32039),
(32043, 32058),
(32062, 32073),
(32077, 32083),
(32087, 32105),
(32106, 32150),
(32154, 32211),
(32215, 32268),
(32272, 32322),
(32326, 32383),
(32384, 32415),
(32419, 32433),
(32437, 32449),
(32453, 32470),
(32474, 32484),
(32485, 32556),
(32560, 32611),
(32615, 32666),
(32670, 32724),
(32728, 32781),
(32782, 32855),
(32859, 32868),
(32872, 32881),
(32885, 32893),
(32897, 32904),
(32905, 32964),
(32968, 32976),
(32980, 32991),
(32995, 33003),
(33007, 33017),
(33018, 33071),
(33075, 33116),
(33120, 33161),
(33165, 33206),
(33210, 33250),
(33251, 33325),
(33329, 33364),
(33368, 33401),
(33405, 33439),
(33443, 33484),
(33485, 33532),
(33536, 33552),
(33556, 33565),
(33569, 33584),
(33588, 33599),
(33600, 33642),
(33646, 33655),
(33659, 33668),
(33672, 33681),
(33685, 33692),
(33694, 33801),
(33805, 33854),
(33858, 33902),
(33906, 33995),
(33999, 34053),
(34054, 34082),
(34086, 34125),
(34129, 34178),
(34182, 34216),
(34220, 34237),
(34238, 34323),
(34327, 34348),
(34352, 34377),
(34381, 34403),
(34407, 34439),
(34440, 34488),
(34492, 34514),
(34518, 34534),
(34538, 34557),
(34561, 34587),
(34588, 34703),
(34707, 34722),
(34726, 34744),
(34748, 34763),
(34767, 34776),
(34777, 34832),
(34836, 34849),
(34853, 34864),
(34868, 34880),
(34884, 34895),
(34896, 34945),
(34949, 34959),
(34963, 34976),
(34980, 34996),
(35000, 35017),
(35018, 35029),
(35033, 35045),
(35049, 35063),
(35067, 35090),
(35094, 35119),
(35120, 35148),
(35152, 35162),
(35166, 35176),
(35180, 35192),
(35196, 35205),
(35206, 35232),
(35236, 35281),
(35285, 35333),
(35337, 35376),
(35380, 35432),
(35433, 35467),
(35471, 35484),
(35488, 35497),
(35501, 35512),
(35516, 35522),
(35523, 35578),
(35582, 35593),
(35597, 35612),
(35616, 35627),
(35631, 35644),
(35645, 35682),
(35686, 35717),
(35721, 35753),
(35757, 35790),
(35794, 35826),
(35827, 35882),
(35886, 35927),
(35931, 35980),
(35984, 36033),
(36037, 36084),
(36085, 36132),
(36136, 36141),
(36145, 36150),
(36154, 36161),
(36165, 36170),
(36171, 36256),
(36260, 36281),
(36285, 36314),
(36318, 36334),
(36338, 36362),
(36363, 36471),
(36475, 36486),
(36490, 36496),
(36500, 36507),
(36511, 36523),
(36524, 36578),
(36582, 36605),
(36609, 36636),
(36640, 36664),
(36668, 36686),
(36687, 36740),
(36744, 36800),
(36804, 36860),
(36864, 36884),
(36888, 36919),
(36920, 36932),
(36936, 36963),
(36967, 36993),
(36997, 37023),
(37027, 37051),
(37052, 37086),
(37090, 37100),
(37104, 37114),
(37118, 37134),
(37138, 37152),
(37153, 37215),
(37219, 37227),
(37231, 37244),
(37248, 37263),
(37267, 37276),
(37277, 37332),
(37336, 37378),
(37382, 37433),
(37437, 37486),
(37490, 37537),
(37538, 37593),
(37597, 37610),
(37614, 37626),
(37630, 37642),
(37646, 37658),
(37659, 37687),
(37691, 37740),
(37744, 37818),
(37822, 37908),
(37912, 37990),
(37991, 38035),
(38039, 38048),
(38052, 38064),
(38068, 38078),
(38082, 38096),
(38097, 38119),
(38123, 38133),
(38137, 38143),
(38147, 38155),
(38159, 38168),
(38169, 38195),
(38199, 38217),
(38221, 38239),
(38243, 38263),
(38267, 38285),
(38286, 38331),
(38335, 38364),
(38368, 38390),
(38394, 38415),
(38419, 38436),
(38437, 38484),
(38488, 38511),
(38515, 38529),
(38533, 38552),
(38556, 38570),
(38571, 38638),
(38642, 38654),
(38658, 38670),
(38674, 38692),
(38696, 38707),
(38708, 38792),
(38796, 38804),
(38808, 38817),
(38821, 38830),
(38834, 38846),
(38847, 38914),
(38918, 38925),
(38929, 38938),
(38942, 38950),
(38954, 38964),
(38965, 39011),
(39015, 39024),
(39028, 39036),
(39040, 39048),
(39052, 39060),
(39061, 39260),
(39264, 39285),
(39289, 39308),
(39312, 39331),
(39335, 39355),
(39356, 39433),
(39437, 39453),
(39457, 39473),
(39477, 39495),
(39499, 39514),
(39515, 39571),
(39575, 39592),
(39596, 39605),
(39609, 39624),
(39628, 39637),
(39638, 39678),
(39682, 39712),
(39716, 39747),
(39751, 39768),
(39772, 39790),
(39791, 39813),
(39817, 39836),
(39840, 39860),
(39864, 39884),
(39888, 39916),
(39917, 39974),
(39978, 40012),
(40016, 40046),
(40050, 40085),
(40089, 40116),
(40117, 40160),
(40164, 40188),
(40192, 40216),
(40220, 40244),
(40248, 40271),
(40272, 40288),
(40292, 40318),
(40322, 40351),
(40355, 40385),
(40389, 40415),
(40416, 40466),
(40470, 40493),
(40497, 40534),
(40538, 40561),
(40565, 40588),
(40589, 40630),
(40634, 40648),
(40652, 40664),
(40668, 40681),
(40685, 40697),
(40698, 40731),
(40735, 40775),
(40779, 40809),
(40813, 40856),
(40860, 40886),
(40887, 40972),
(40976, 40987),
(40991, 41005),
(41009, 41019),
(41023, 41038),
(41039, 41070),
(41074, 41087),
(41091, 41105),
(41109, 41123),
(41127, 41142),
(41143, 41235),
(41239, 41323),
(41327, 41417),
(41421, 41500),
(41504, 41589),
(41590, 41627),
(41631, 41638),
(41642, 41655),
(41659, 41667),
(41671, 41683),
(41684, 41828),
(41832, 41861),
(41865, 41891),
(41895, 41918),
(41922, 41942),
(41943, 41985),
(41989, 41999),
(42003, 42013),
(42017, 42032),
(42036, 42052),
(42053, 42188),
(42192, 42207),
(42211, 42222),
(42226, 42239),
(42243, 42253),
(42254, 42332),
(42336, 42354),
(42358, 42373),
(42377, 42387),
(42391, 42418),
(42419, 42476),
(42480, 42489),
(42493, 42506),
(42510, 42519),
(42523, 42534),
(42535, 42694),
(42698, 42744),
(42748, 42796),
(42800, 42843),
(42847, 42872),
(42873, 42975),
(42979, 43011),
(43015, 43045),
(43049, 43077),
(43081, 43109),
(43110, 43316),
(43320, 43342),
(43346, 43364),
(43368, 43387),
(43391, 43409),
(43410, 43436),
(43440, 43449),
(43453, 43466),
(43470, 43497),
(43501, 43518),
(43519, 43564),
(43568, 43579),
(43583, 43593),
(43597, 43606),
(43610, 43616),
(43617, 43673),
(43677, 43707),
(43711, 43746),
(43750, 43786),
(43790, 43828),
(43829, 43892),
(43896, 43913),
(43917, 43927),
(43931, 43941),
(43945, 43959),
(43960, 44054),
(44058, 44084),
(44088, 44128),
(44132, 44185),
(44189, 44214),
(44215, 44493),
(44497, 44507),
(44511, 44522),
(44526, 44539),
(44543, 44553),
(44554, 44585),
(44589, 44630),
(44634, 44673),
(44677, 44712),
(44716, 44756),
(44757, 44785),
(44789, 44795),
(44799, 44809),
(44813, 44821),
(44825, 44835),
(44836, 44885),
(44889, 44895),
(44899, 44908),
(44912, 44923),
(44927, 44937),
(44938, 44978),
(44982, 44997),
(45001, 45013),
(45017, 45067),
(45071, 45088),
(45089, 45126),
(45130, 45143),
(45147, 45154),
(45158, 45170),
(45174, 45181),
(45182, 45239),
(45243, 45256),
(45260, 45276),
(45280, 45296),
(45300, 45313),
(45314, 45441),
(45445, 45494),
(45498, 45540),
(45544, 45591),
(45595, 45630),
(45631, 45659),
(45663, 45672),
(45676, 45687),
(45691, 45702),
(45706, 45720),
(45721, 45760),
(45764, 45781),
(45785, 45800),
(45804, 45814),
(45818, 45829),
(45830, 45869),
(45873, 45879),
(45883, 45892),
(45896, 45905),
(45909, 45920),
(45921, 45970),
(45974, 45985),
(45989, 46003),
(46007, 46026),
(46030, 46036),
(46037, 46066),
(46070, 46079),
(46083, 46096),
(46100, 46110),
(46114, 46128),
(46129, 46271),
(46275, 46289),
(46293, 46304),
(46308, 46319),
(46323, 46344),
(46345, 46500),
(46504, 46514),
(46518, 46529),
(46533, 46548),
(46552, 46562),
(46563, 46586),
(46590, 46607),
(46611, 46629),
(46633, 46652),
(46656, 46673),
(46674, 46692),
(46696, 46708),
(46712, 46723),
(46727, 46740),
(46744, 46755),
(46756, 46809),
(46813, 46825),
(46829, 46845),
(46849, 46863),
(46867, 46884),
(46885, 46941),
(46945, 46961),
(46965, 46990),
(46994, 47014),
(47018, 47040),
(47041, 47077),
(47081, 47125),
(47129, 47165),
(47169, 47230),
(47234, 47270),
(47271, 47325),
(47329, 47363),
(47367, 47393),
(47397, 47437),
(47441, 47476),
(47477, 47526),
(47530, 47538),
(47542, 47550),
(47554, 47567),
(47571, 47586),
(47587, 47779),
(47783, 47798),
(47802, 47820),
(47824, 47844),
(47848, 47865),
(47866, 47938),
(47942, 47966),
(47970, 47989),
(47993, 48017),
(48021, 48042),
(48043, 48074),
(48078, 48095),
(48099, 48115),
(48119, 48133),
(48137, 48151),
(48152, 48219),
(48223, 48271),
(48275, 48325),
(48329, 48377),
(48381, 48433),
(48434, 48666),
(48670, 48680),
(48684, 48695),
(48699, 48710),
(48714, 48723),
(48724, 48764),
(48768, 48781),
(48785, 48797),
(48801, 48809),
(48813, 48825),
(48826, 48938),
(48942, 49012),
(49016, 49080),
(49084, 49155),
(49159, 49231),
(49232, 49261),
(49265, 49275),
(49279, 49289),
(49293, 49303),
(49307, 49316),
(49317, 49397),
(49401, 49409),
(49413, 49427),
(49431, 49445),
(49449, 49470),
(49471, 49512),
(49516, 49525),
(49529, 49540),
(49544, 49557),
(49561, 49571),
(49572, 49599),
(49603, 49613),
(49617, 49631),
(49635, 49650),
(49654, 49665),
(49666, 49706),
(49710, 49722),
(49726, 49741),
(49745, 49759),
(49763, 49778),
(49779, 49799),
(49803, 49821),
(49825, 49841),
(49845, 49866),
(49870, 49887),
(49888, 49988),
(49992, 50003),
(50007, 50019),
(50023, 50034),
(50038, 50050),
(50051, 50083),
(50087, 50102),
(50106, 50120),
(50124, 50136),
(50140, 50157),
(50158, 50176),
(50180, 50190),
(50194, 50206),
(50210, 50221),
(50225, 50237),
(50238, 50309),
(50313, 50345),
(50349, 50368),
(50372, 50397),
(50401, 50426),
(50427, 50671),
(50675, 50686),
(50690, 50700),
(50704, 50716),
(50720, 50731),
(50732, 50792),
(50796, 50804),
(50808, 50815),
(50819, 50825),
(50829, 50840),
(50841, 50960),
(50964, 50970),
(50974, 50984),
(50988, 50995),
(50999, 51003),
(51004, 51021),
(51025, 51041),
(51045, 51062),
(51066, 51093),
(51097, 51114),
(51115, 51174),
(51178, 51194),
(51198, 51211),
(51215, 51228),
(51232, 51245),
(51246, 51337),
(51341, 51370),
(51374, 51412),
(51416, 51439),
(51443, 51469),
(51470, 51578),
(51582, 51592),
(51596, 51608),
(51612, 51622),
(51626, 51640),
(51641, 51678),
(51682, 51690),
(51694, 51705),
(51709, 51717),
(51721, 51735),
(51736, 51774),
(51778, 51793),
(51797, 51811),
(51815, 51828),
(51832, 51846),
(51847, 51891),
(51895, 51907),
(51911, 51925),
(51929, 51949),
(51953, 51984),
(51985, 52042),
(52046, 52055),
(52059, 52067),
(52071, 52079),
(52083, 52090),
(52091, 52130),
(52134, 52152),
(52156, 52182),
(52186, 52213),
(52217, 52231),
(52232, 52258),
(52262, 52276),
(52280, 52294),
(52298, 52311),
(52315, 52327),
(52328, 52390),
(52394, 52405),
(52409, 52418),
(52422, 52435),
(52439, 52446),
(52447, 52505),
(52509, 52518),
(52522, 52531),
(52535, 52545),
(52549, 52564),
(52565, 52665),
(52669, 52677),
(52681, 52688),
(52692, 52702),
(52706, 52712),
(52713, 52775),
(52779, 52789),
(52793, 52805),
(52809, 52817),
(52821, 52831),
(52832, 52886),
(52890, 52923),
(52927, 52955),
(52959, 52993),
(52997, 53030),
(53031, 53045),
(53049, 53088),
(53092, 53123),
(53127, 53162),
(53166, 53196),
(53197, 53271),
(53275, 53289),
(53293, 53311),
(53315, 53329),
(53333, 53350),
(53351, 53382),
(53386, 53412),
(53416, 53437),
(53441, 53469),
(53473, 53501),
(53502, 53586),
(53590, 53609),
(53613, 53623),
(53627, 53633),
(53637, 53648),
(53649, 53678),
(53682, 53691),
(53695, 53708),
(53712, 53723),
(53727, 53749),
(53750, 53804),
(53808, 53829),
(53833, 53853),
(53857, 53873),
(53877, 53889),
(53890, 53969),
(53973, 53992),
(53996, 54016),
(54020, 54041),
(54045, 54059),
(54060, 54089),
(54093, 54107),
(54111, 54124),
(54128, 54147),
(54151, 54161),
(54162, 54233),
(54237, 54325),
(54329, 54420),
(54424, 54516),
(54520, 54609),
(54610, 54674),
(54678, 54719),
(54723, 54754),
(54758, 54783),
(54787, 54822),
(54823, 54952),
(54956, 54969),
(54973, 54985),
(54989, 55000),
(55004, 55012),
(55013, 55059),
(55063, 55103),
(55107, 55142),
(55146, 55191),
(55195, 55232),
(55233, 55276),
(55280, 55289),
(55293, 55304),
(55308, 55322),
(55326, 55336),
(55337, 55422),
(55426, 55432),
(55436, 55442),
(55446, 55457),
(55461, 55471),
(55472, 55492),
(55496, 55504),
(55508, 55516),
(55520, 55527),
(55531, 55535),
(55536, 55558),
(55562, 55573),
(55577, 55592),
(55596, 55610),
(55614, 55629),
(55630, 55664),
(55668, 55682),
(55686, 55694),
(55698, 55706),
(55710, 55724),
(55725, 55760),
(55764, 55772),
(55776, 55787),
(55791, 55804),
(55808, 55820),
(55821, 55853),
(55857, 55872),
(55876, 55890),
(55894, 55909),
(55913, 55928),
(55929, 55948),
(55952, 56015),
(56019, 56080),
(56084, 56160),
(56164, 56227),
(56228, 56280),
(56284, 56316),
(56320, 56345),
(56349, 56371),
(56375, 56395),
(56396, 56437),
(56441, 56472),
(56476, 56512),
(56516, 56550),
(56554, 56571),
(56572, 56613),
(56617, 56625),
(56629, 56638),
(56642, 56652),
(56656, 56663),
(56664, 56695),
(56699, 56708),
(56712, 56721),
(56725, 56734),
(56738, 56747),
(56748, 56812),
(56816, 56822),
(56826, 56837),
(56841, 56852),
(56856, 56868),
(56869, 56899),
(56903, 56911),
(56915, 56927),
(56931, 56943),
(56947, 56958),
(56959, 56999),
(57003, 57015),
(57019, 57028),
(57032, 57042),
(57046, 57060),
(57061, 57124),
(57128, 57145),
(57149, 57167),
(57171, 57188),
(57192, 57213),
(57214, 57252),
(57256, 57266),
(57270, 57282),
(57286, 57301),
(57305, 57318),
(57319, 57395),
(57399, 57442),
(57446, 57489),
(57493, 57536),
(57540, 57582),
(57583, 57691),
(57695, 57707),
(57711, 57725),
(57729, 57739),
(57743, 57752),
(57753, 57816),
(57820, 57857),
(57861, 57882),
(57886, 57939),
(57943, 57969),
(57970, 58012),
(58016, 58050),
(58054, 58109),
(58113, 58139),
(58143, 58185),
(58186, 58215),
(58219, 58231),
(58235, 58256),
(58260, 58287),
(58291, 58319),
(58320, 58372),
(58376, 58444),
(58448, 58481),
(58485, 58546),
(58550, 58603),
(58604, 58647),
(58651, 58709),
(58713, 58738),
(58742, 58775),
(58779, 58805),
(58806, 58887),
(58891, 58921),
(58925, 58958),
(58962, 58994),
(58998, 59036),
(59037, 59084),
(59088, 59095),
(59099, 59107),
(59111, 59117),
(59121, 59127),
(59128, 59156),
(59160, 59168),
(59172, 59178),
(59182, 59187),
(59191, 59204),
(59205, 59258),
(59262, 59330),
(59334, 59401),
(59405, 59467),
(59471, 59520),
(59521, 59562),
(59566, 59571),
(59575, 59580),
(59584, 59589),
(59593, 59607),
(59608, 59642),
(59646, 59652),
(59656, 59664),
(59668, 59678),
(59682, 59690),
(59691, 59734),
(59738, 59759),
(59763, 59781),
(59785, 59805),
(59809, 59826),
(59827, 59854),
(59858, 59890),
(59894, 59931),
(59935, 59972),
(59976, 60010),
(60011, 60047),
(60051, 60062),
(60066, 60085),
(60089, 60098),
(60102, 60119),
(60120, 60170),
(60174, 60189),
(60193, 60202),
(60206, 60225),
(60229, 60246),
(60247, 60280),
(60284, 60309),
(60313, 60359),
(60363, 60381),
(60385, 60403),
(60404, 60497),
(60501, 60512),
(60516, 60530),
(60534, 60545),
(60549, 60561),
(60562, 60593),
(60597, 60607),
(60611, 60626),
(60630, 60642),
(60646, 60655),
(60656, 60737),
(60741, 60750),
(60754, 60764),
(60768, 60779),
(60783, 60789),
(60790, 60813),
(60817, 60833),
(60837, 60857),
(60861, 60881),
(60885, 60899),
(60900, 61192),
(61196, 61240),
(61244, 61288),
(61292, 61334),
(61338, 61381),
(61382, 61432),
(61436, 61463),
(61467, 61490),
(61494, 61512),
(61516, 61536),
(61537, 61574),
(61578, 61589),
(61593, 61605),
(61609, 61622),
(61626, 61636),
(61638, 61669),
(61673, 61684),
(61688, 61698),
(61702, 61713),
(61717, 61728),
(61729, 61753),
(61757, 61776),
(61780, 61798),
(61802, 61818),
(61822, 61838),
(61839, 61872),
(61876, 61889),
(61893, 61908),
(61912, 61924),
(61928, 61942),
(61943, 61993),
(61997, 62006),
(62010, 62021),
(62025, 62032),
(62036, 62050),
(62051, 62184),
(62188, 62203),
(62207, 62221),
(62225, 62242),
(62246, 62252),
(62253, 62284),
(62288, 62295),
(62299, 62312),
(62316, 62323),
(62327, 62332),
(62333, 62430),
(62434, 62453),
(62457, 62478),
(62482, 62511),
(62515, 62544),
(62545, 62594),
(62598, 62617),
(62621, 62638),
(62642, 62660),
(62664, 62689),
(62690, 62726),
(62730, 62740),
(62744, 62753),
(62757, 62767),
(62771, 62776),
(62778, 62804),
(62808, 62816),
(62820, 62830),
(62834, 62843),
(62847, 62861),
(62862, 62924),
(62928, 62938),
(62942, 62959),
(62963, 62978),
(62982, 62999),
(63000, 63031),
(63035, 63050),
(63054, 63072),
(63076, 63092),
(63096, 63111),
(63112, 63138),
(63142, 63169),
(63173, 63188),
(63192, 63217),
(63221, 63239),
(63240, 63278),
(63282, 63308),
(63312, 63337),
(63341, 63359),
(63363, 63377),
(63378, 63437),
(63441, 63449),
(63453, 63464),
(63468, 63482),
(63486, 63492),
(63493, 63546),
(63550, 63553),
(63557, 63561),
(63565, 63569),
(63573, 63576),
(63577, 63626),
(63630, 63663),
(63667, 63699),
(63703, 63739),
(63743, 63771),
(63772, 63804),
(63808, 63834),
(63838, 63866),
(63870, 63898),
(63902, 63935),
(63936, 63963),
(63967, 63974),
(63978, 63991),
(63995, 64003),
(64007, 64016),
(64017, 64079),
(64083, 64100),
(64104, 64123),
(64127, 64144),
(64148, 64168),
(64169, 64226),
(64230, 64241),
(64245, 64254),
(64258, 64271),
(64275, 64284),
(64285, 64310),
(64314, 64320),
(64324, 64332),
(64336, 64345),
(64349, 64354),
(64355, 64374),
(64378, 64389),
(64393, 64421),
(64425, 64448),
(64452, 64485),
(64486, 64602),
(64606, 64617),
(64621, 64632),
(64636, 64646),
(64650, 64660),
(64661, 64762),
(64766, 64777),
(64781, 64798),
(64802, 64812),
(64816, 64828),
(64829, 64867),
(64871, 64891),
(64895, 64913),
(64917, 64936),
(64940, 64959),
(64960, 65038),
(65042, 65059),
(65063, 65079),
(65083, 65101),
(65105, 65119),
(65120, 65146),
(65150, 65161),
(65165, 65181),
(65185, 65196),
(65200, 65211),
(65212, 65390),
(65394, 65409),
(65413, 65427),
(65431, 65448),
(65452, 65462),
(65463, 65511),
(65515, 65547),
(65551, 65579),
(65583, 65608),
(65612, 65634),
(65635, 66112),
(66116, 66157),
(66161, 66205),
(66209, 66253),
(66257, 66301),
(66302, 66365),
(66369, 66381),
(66385, 66398),
(66402, 66416),
(66420, 66431),
(66432, 66460),
(66464, 66477),
(66481, 66494),
(66498, 66511),
(66515, 66526),
(66528, 66555),
(66559, 66579),
(66583, 66597),
(66601, 66623),
(66627, 66639),
(66640, 66670),
(66674, 66701),
(66705, 66738),
(66742, 66781),
(66785, 66818),
(66819, 67115),
(67119, 67149),
(67153, 67182),
(67186, 67230),
(67234, 67277),
(67278, 67392),
(67396, 67414),
(67418, 67446),
(67450, 67477),
(67481, 67499),
(67500, 67546),
(67550, 67560),
(67564, 67575),
(67579, 67592),
(67596, 67606),
(67607, 67636),
(67640, 67650),
(67654, 67664),
(67668, 67678),
(67682, 67687),
(67688, 67786),
(67790, 67798),
(67802, 67813),
(67817, 67828),
(67832, 67841),
(67842, 67895),
(67899, 67906),
(67910, 67926),
(67930, 67946),
(67950, 67964),
(67965, 68027),
(68031, 68043),
(68047, 68056),
(68060, 68069),
(68073, 68082),
(68083, 68120),
(68124, 68132),
(68136, 68150),
(68154, 68162),
(68166, 68183),
(68184, 68225),
(68229, 68265),
(68269, 68292),
(68296, 68329),
(68333, 68367),
(68368, 68488),
(68492, 68509),
(68513, 68529),
(68533, 68545),
(68549, 68561),
(68562, 68608),
(68612, 68650),
(68654, 68690),
(68694, 68732),
(68736, 68773),
(68774, 68845),
(68849, 68876),
(68880, 68894),
(68898, 68912),
(68916, 68935),
(68936, 68976),
(68980, 68997),
(69001, 69011),
(69015, 69027),
(69031, 69045),
(69046, 69189),
(69193, 69277),
(69281, 69340),
(69344, 69415),
(69419, 69488),
(69489, 69585),
(69589, 69597),
(69601, 69608),
(69612, 69622),
(69626, 69637),
(69638, 69699),
(69703, 69713),
(69717, 69727),
(69731, 69741),
(69745, 69755),
(69756, 69807),
(69811, 69829),
(69833, 69842),
(69846, 69859),
(69863, 69878),
(69879, 69941),
(69945, 69959),
(69963, 69979),
(69983, 69994),
(69998, 70012),
(70013, 70062),
(70066, 70109),
(70113, 70157),
(70161, 70199),
(70203, 70244),
(70245, 70310),
(70314, 70352),
(70356, 70375),
(70379, 70406),
(70410, 70433),
(70434, 70475),
(70479, 70491),
(70495, 70508),
(70512, 70526),
(70530, 70538),
(70539, 70604),
(70608, 70638),
(70642, 70682),
(70686, 70712),
(70716, 70740),
(70741, 70786),
(70790, 70799),
(70803, 70817),
(70821, 70839),
(70843, 70849),
(70850, 70960),
(70964, 71012),
(71016, 71063),
(71067, 71123),
(71127, 71180),
(71181, 71214),
(71218, 71232),
(71236, 71250),
(71254, 71269),
(71273, 71280),
(71281, 71321),
(71325, 71341),
(71345, 71359),
(71363, 71380),
(71384, 71399),
(71400, 71445),
(71449, 71466),
(71470, 71482),
(71486, 71496),
(71500, 71514),
(71515, 71551),
(71555, 71558),
(71562, 71566),
(71570, 71574),
(71578, 71581),
(71582, 71620),
(71624, 71650),
(71654, 71683),
(71687, 71715),
(71719, 71749),
(71750, 71805),
(71809, 71818),
(71822, 71831),
(71835, 71846),
(71850, 71860),
(71861, 71911),
(71915, 71932),
(71936, 71960),
(71964, 71984),
(71988, 72011),
(72012, 72072),
(72076, 72107),
(72111, 72140),
(72144, 72172),
(72176, 72206),
(72207, 72249),
(72253, 72273),
(72277, 72302),
(72306, 72325),
(72329, 72350),
(72351, 72405),
(72409, 72423),
(72427, 72439),
(72443, 72453),
(72457, 72466),
(72467, 72515),
(72519, 72541),
(72545, 72566),
(72570, 72589),
(72593, 72612),
(72613, 72659),
(72663, 72691),
(72695, 72728),
(72732, 72762),
(72766, 72784),
(72785, 72810),
(72814, 72824),
(72828, 72839),
(72843, 72853),
(72857, 72867),
(72868, 72951),
(72955, 72970),
(72974, 72989),
(72993, 73005),
(73009, 73020),
(73021, 73069),
(73073, 73086),
(73090, 73104),
(73108, 73121),
(73125, 73137),
(73138, 73162),
(73166, 73206),
(73210, 73244),
(73248, 73310),
(73314, 73348),
(73349, 73394),
(73398, 73416),
(73420, 73442),
(73446, 73466),
(73470, 73489),
(73490, 73594),
(73598, 73607),
(73611, 73619),
(73623, 73631),
(73635, 73641),
(73642, 73708),
(73712, 73729),
(73733, 73751),
(73755, 73772),
(73776, 73791),
(73792, 73830),
(73834, 73847),
(73851, 73865),
(73869, 73882),
(73886, 73895),
(73896, 73945),
(73949, 73959),
(73963, 73973),
(73977, 73988),
(73992, 74006),
(74007, 74055),
(74059, 74072),
(74076, 74089),
(74093, 74109),
(74113, 74127),
(74128, 74164),
(74168, 74175),
(74179, 74188),
(74192, 74200),
(74204, 74216),
(74217, 74246),
(74250, 74268),
(74272, 74288),
(74292, 74312),
(74316, 74331),
(74332, 74363),
(74367, 74380),
(74384, 74395),
(74399, 74409),
(74413, 74421),
(74422, 74469),
(74473, 74483),
(74487, 74501),
(74505, 74518),
(74522, 74534),
(74535, 74606),
(74610, 74617),
(74621, 74628),
(74632, 74650),
(74654, 74666),
(74667, 74721),
(74725, 74746),
(74750, 74775),
(74779, 74796),
(74800, 74818),
(74819, 74879),
(74883, 74930),
(74934, 74954),
(74958, 74988),
(74992, 75026),
(75027, 75225),
(75229, 75239),
(75243, 75255),
(75259, 75269),
(75273, 75289),
(75290, 75311),
(75315, 75326),
(75330, 75342),
(75346, 75357),
(75361, 75373),
(75374, 75422),
(75426, 75439),
(75443, 75451),
(75455, 75466),
(75470, 75484),
(75485, 75598),
(75602, 75612),
(75616, 75627),
(75631, 75639),
(75643, 75653),
(75654, 75747),
(75751, 75791),
(75795, 75840),
(75844, 75890),
(75894, 75921),
(75922, 75934),
(75938, 75970),
(75974, 76008),
(76012, 76046),
(76050, 76083),
(76084, 76133),
(76137, 76155),
(76159, 76191),
(76195, 76237),
(76241, 76251),
(76252, 76295),
(76299, 76323),
(76327, 76345),
(76349, 76376),
(76380, 76406),
(76407, 76538),
(76542, 76558),
(76562, 76581),
(76585, 76601),
(76605, 76618),
(76619, 76675),
(76679, 76685),
(76689, 76694),
(76698, 76705),
(76709, 76716),
(76717, 76743),
(76747, 76755),
(76759, 76770),
(76774, 76784),
(76788, 76799),
(76800, 76829),
(76833, 76854),
(76858, 76880),
(76884, 76893),
(76897, 76910),
(76911, 77207),
(77211, 77230),
(77234, 77253),
(77257, 77276),
(77280, 77298),
(77299, 77377),
(77381, 77430),
(77434, 77460),
(77464, 77494),
(77498, 77541),
(77542, 77599),
(77603, 77636),
(77640, 77684),
(77688, 77732),
(77736, 77780),
(77781, 77805),
(77809, 77820),
(77824, 77832),
(77836, 77853),
(77857, 77866),
(77867, 77916),
(77920, 77958),
(77962, 77997),
(78001, 78035),
(78039, 78057),
(78058, 78187),
(78191, 78207),
(78211, 78218),
(78222, 78239),
(78243, 78249),
(78250, 78282),
(78286, 78298),
(78302, 78313),
(78317, 78328),
(78332, 78342),
(78343, 78363),
(78367, 78394),
(78398, 78421),
(78425, 78449),
(78453, 78467),
(78468, 78521),
(78525, 78540),
(78544, 78564),
(78568, 78575),
(78579, 78586),
(78587, 78629),
(78633, 78647),
(78651, 78672),
(78676, 78691),
(78695, 78713),
(78714, 78737),
(78741, 78761),
(78765, 78783),
(78787, 78804),
(78808, 78825),
(78826, 78852),
(78856, 78862),
(78866, 78873),
(78877, 78893),
(78897, 78910),
(78911, 78935),
(78939, 78947),
(78951, 78962),
(78966, 78977),
(78981, 78990),
(78991, 79052),
(79056, 79066),
(79070, 79082),
(79086, 79096),
(79100, 79109),
(79110, 79154),
(79158, 79198),
(79202, 79242),
(79246, 79277),
(79281, 79311),
(79312, 79377),
(79381, 79390),
(79394, 79408),
(79412, 79426),
(79430, 79440),
(79441, 79490),
(79494, 79504),
(79508, 79519),
(79523, 79537),
(79541, 79552),
(79553, 79578),
(79582, 79589),
(79593, 79607),
(79611, 79622),
(79626, 79635),
(79636, 79689),
(79693, 79704),
(79708, 79719),
(79723, 79732),
(79736, 79745),
(79746, 79817),
(79821, 79824),
(79828, 79831),
(79835, 79838),
(79842, 79844),
(79845, 79882),
(79886, 79896),
(79900, 79907),
(79911, 79918),
(79922, 79932),
(79933, 79999),
(80003, 80013),
(80017, 80025),
(80029, 80041),
(80045, 80054),
(80055, 80127),
(80131, 80143),
(80147, 80157),
(80161, 80178),
(80182, 80196),
(80197, 80269),
(80273, 80283),
(80287, 80297),
(80301, 80318),
(80322, 80331),
(80332, 80389),
(80393, 80432),
(80436, 80482),
(80486, 80525),
(80529, 80564),
(80565, 80646),
(80650, 80683),
(80687, 80730),
(80734, 80768),
(80772, 80806),
(80807, 80827),
(80831, 80842),
(80846, 80858),
(80862, 80874),
(80878, 80891),
(80892, 80948),
(80952, 80971),
(80975, 80988),
(80992, 81007),
(81011, 81022),
(81023, 81059),
(81063, 81075),
(81079, 81087),
(81091, 81101),
(81105, 81111),
(81112, 81264),
(81268, 81283),
(81287, 81298),
(81302, 81312),
(81316, 81327),
(81328, 81474),
(81478, 81490),
(81494, 81504),
(81508, 81519),
(81523, 81532),
(81533, 81563),
(81567, 81580),
(81584, 81595),
(81599, 81610),
(81614, 81626),
(81627, 81664),
(81668, 81675),
(81679, 81690),
(81694, 81704),
(81708, 81717),
(81718, 81772),
(81776, 81789),
(81793, 81817),
(81821, 81841),
(81845, 81862),
(81863, 81881),
(81885, 81899),
(81903, 81918),
(81922, 81929),
(81933, 81945),
(81946, 81997),
(82001, 82016),
(82020, 82035),
(82039, 82054),
(82058, 82075),
(82076, 82105),
(82109, 82124),
(82128, 82147),
(82151, 82169),
(82173, 82187),
(82188, 82241),
(82245, 82256),
(82260, 82270),
(82274, 82281),
(82285, 82299),
(82300, 82356),
(82360, 82390),
(82394, 82418),
(82422, 82452),
(82456, 82474),
(82475, 82539),
(82543, 82554),
(82558, 82571),
(82575, 82587),
(82591, 82602),
(82603, 82646),
(82650, 82661),
(82665, 82676),
(82680, 82691),
(82695, 82703),
(82706, 82748),
(82752, 82758),
(82762, 82773),
(82777, 82799),
(82803, 82808),
(82809, 82862),
(82866, 82876),
(82880, 82890),
(82894, 82903),
(82907, 82914),
(82915, 82936),
(82940, 82953),
(82957, 82971),
(82975, 82987),
(82991, 83004),
(83005, 83060),
(83064, 83079),
(83083, 83096),
(83100, 83113),
(83117, 83130),
(83131, 83178),
(83182, 83190),
(83194, 83204),
(83208, 83220),
(83224, 83232),
(83233, 83276),
(83280, 83288),
(83292, 83298),
(83302, 83309),
(83313, 83317),
(83318, 83377),
(83381, 83424),
(83428, 83466),
(83470, 83510),
(83514, 83555),
(83556, 83588),
(83592, 83599),
(83603, 83612),
(83616, 83623),
(83627, 83641),
(83642, 83720),
(83724, 83741),
(83745, 83757),
(83761, 83780),
(83784, 83795),
(83796, 83913),
(83917, 83924),
(83928, 83935),
(83939, 83947),
(83951, 83960),
(83961, 83983),
(83987, 83997),
(84001, 84010),
(84014, 84028),
(84032, 84043),
(84044, 84079),
(84083, 84093),
(84097, 84107),
(84111, 84126),
(84130, 84139),
(84140, 84182),
(84186, 84206),
(84210, 84230),
(84234, 84249),
(84253, 84263),
(84264, 84332),
(84336, 84344),
(84348, 84358),
(84362, 84372),
(84376, 84381),
(84382, 84429),
(84433, 84447),
(84451, 84459),
(84463, 84472),
(84476, 84485),
(84486, 84540),
(84544, 84557),
(84561, 84577),
(84581, 84608),
(84612, 84622),
(84623, 84782),
(84786, 84845),
(84849, 84898),
(84902, 84968),
(84972, 85021),
(85022, 85078),
(85082, 85112),
(85116, 85144),
(85148, 85177),
(85181, 85206),
(85207, 85230),
(85234, 85249),
(85253, 85271),
(85275, 85303),
(85307, 85339),
(85340, 85382),
(85386, 85407),
(85411, 85433),
(85437, 85457),
(85461, 85473),
(85474, 85506),
(85510, 85522),
(85526, 85543),
(85547, 85567),
(85571, 85580),
(85581, 85592),
(85596, 85617),
(85621, 85646),
(85650, 85674),
(85678, 85695),
(85696, 85748),
(85752, 85764),
(85768, 85780),
(85784, 85797),
(85801, 85813),
(85814, 85858),
(85862, 85876),
(85880, 85893),
(85897, 85905),
(85909, 85925),
(85926, 85978),
(85982, 85993),
(85997, 86010),
(86014, 86021),
(86025, 86037),
(86038, 86096),
(86100, 86125),
(86129, 86161),
(86165, 86199),
(86203, 86237),
(86238, 86302),
(86306, 86321),
(86325, 86339),
(86343, 86363),
(86367, 86381),
(86382, 86422),
(86426, 86438),
(86442, 86456),
(86460, 86473),
(86477, 86490),
(86491, 86534),
(86538, 86547),
(86551, 86561),
(86565, 86575),
(86579, 86586),
(86587, 86698),
(86702, 86711),
(86715, 86725),
(86729, 86738),
(86742, 86751),
(86752, 86792),
(86796, 86853),
(86857, 86916),
(86920, 86958),
(86962, 86979),
(86980, 87026),
(87030, 87081),
(87085, 87157),
(87161, 87232),
(87236, 87277),
(87278, 87325),
(87329, 87336),
(87340, 87347),
(87351, 87358),
(87362, 87369),
(87370, 87482),
(87486, 87509),
(87513, 87528),
(87532, 87549),
(87553, 87572),
(87573, 87633),
(87637, 87739),
(87743, 87841),
(87845, 87881),
(87885, 87930),
(87931, 88010),
(88014, 88025),
(88029, 88049),
(88053, 88068),
(88072, 88081),
(88082, 88132),
(88136, 88147),
(88151, 88161),
(88165, 88175),
(88179, 88192),
(88193, 88264),
(88268, 88273),
(88277, 88285),
(88289, 88294),
(88298, 88311),
(88312, 88346),
(88350, 88364),
(88368, 88380),
(88384, 88397),
(88401, 88413),
(88414, 88461),
(88465, 88501),
(88505, 88544),
(88548, 88580),
(88584, 88602),
(88603, 88654),
(88658, 88661),
(88665, 88668),
(88672, 88675),
(88679, 88682),
(88683, 88736),
(88740, 88761),
(88765, 88786),
(88790, 88807),
(88811, 88822),
(88823, 88892),
(88896, 88922),
(88926, 88948),
(88952, 88976),
(88980, 88999),
(89000, 89036),
(89040, 89064),
(89068, 89079),
(89083, 89096),
(89100, 89110),
(89111, 89184),
(89188, 89198),
(89202, 89210),
(89214, 89221),
(89225, 89237),
(89238, 89283),
(89287, 89325),
(89329, 89360),
(89364, 89395),
(89399, 89417),
(89418, 89435),
(89439, 89459),
(89463, 89473),
(89477, 89486),
(89490, 89504),
(89505, 89572),
(89576, 89584),
(89588, 89599),
(89603, 89613),
(89617, 89621),
(89622, 89688),
(89692, 89723),
(89727, 89769),
(89773, 89826),
(89830, 89882),
(89883, 89930),
(89934, 89943),
(89947, 89956),
(89960, 89969),
(89973, 89981),
(89982, 90034),
(90038, 90089),
(90093, 90134),
(90138, 90186),
(90190, 90242),
(90243, 90283),
(90287, 90297),
(90301, 90313),
(90317, 90330),
(90334, 90348),
(90349, 90425),
(90429, 90455),
(90459, 90480),
(90484, 90513),
(90517, 90532),
(90533, 90626),
(90630, 90651),
(90655, 90674),
(90678, 90702),
(90706, 90720),
(90721, 90793),
(90797, 90808),
(90812, 90821),
(90825, 90835),
(90839, 90859),
(90860, 90921),
(90925, 90954),
(90958, 90983),
(90987, 91003),
(91007, 91042),
(91043, 91114),
(91118, 91140),
(91144, 91158),
(91162, 91185),
(91189, 91246),
(91247, 91302),
(91306, 91325),
(91329, 91348),
(91352, 91368),
(91372, 91386),
(91387, 91549),
(91553, 91678),
(91682, 91789),
(91793, 91893),
(91897, 91970),
(91971, 92008),
(92012, 92018),
(92022, 92030),
(92034, 92040),
(92044, 92051),
(92052, 92107),
(92111, 92124),
(92128, 92141),
(92145, 92157),
(92161, 92177),
(92178, 92200),
(92204, 92240),
(92244, 92281),
(92285, 92323),
(92327, 92359),
(92360, 92380),
(92384, 92391),
(92395, 92402),
(92406, 92416),
(92420, 92427),
(92428, 92492),
(92496, 92506),
(92510, 92519),
(92523, 92532),
(92536, 92550),
(92551, 92593),
(92597, 92605),
(92609, 92620),
(92624, 92641),
(92645, 92650),
(92651, 92677),
(92681, 92694),
(92698, 92704),
(92708, 92714),
(92718, 92729),
(92730, 92782),
(92786, 92798),
(92802, 92813),
(92817, 92828),
(92832, 92844),
(92845, 92901),
(92905, 92914),
(92918, 92928),
(92932, 92940),
(92944, 92956),
(92957, 92981),
(92985, 93025),
(93029, 93069),
(93073, 93114),
(93118, 93158),
(93159, 93211),
(93215, 93226),
(93230, 93243),
(93247, 93260),
(93264, 93274),
(93275, 93330),
(93334, 93347),
(93351, 93375),
(93379, 93398),
(93402, 93412),
(93414, 93434),
(93438, 93453),
(93457, 93471),
(93475, 93487),
(93491, 93500),
(93501, 93641),
(93645, 93664),
(93668, 93689),
(93693, 93707),
(93711, 93721),
(93722, 93793),
(93797, 93835),
(93839, 93875),
(93879, 93909),
(93913, 93947),
(93948, 94032),
(94036, 94048),
(94052, 94072),
(94076, 94095),
(94099, 94107),
(94108, 94190),
(94194, 94202),
(94206, 94214),
(94218, 94229),
(94233, 94243),
(94244, 94276),
(94280, 94300),
(94304, 94332),
(94336, 94351),
(94355, 94372),
(94373, 94416),
(94420, 94442),
(94446, 94454),
(94458, 94466),
(94470, 94478),
(94479, 94499),
(94503, 94521),
(94525, 94554),
(94558, 94585),
(94589, 94620),
(94621, 94663),
(94667, 94684),
(94688, 94695),
(94699, 94707),
(94711, 94725),
(94726, 94774),
(94778, 94786),
(94790, 94800),
(94804, 94815),
(94819, 94831),
(94832, 94895),
(94899, 94936),
(94940, 94973),
(94977, 95005),
(95009, 95035),
(95036, 95061),
(95065, 95075),
(95079, 95091),
(95095, 95101),
(95105, 95113),
(95114, 95174),
(95178, 95189),
(95193, 95213),
(95217, 95227),
(95231, 95237),
(95238, 95282),
(95286, 95299),
(95303, 95318),
(95322, 95339),
(95343, 95358),
(95359, 95391),
(95395, 95406),
(95410, 95422),
(95426, 95440),
(95444, 95455),
(95456, 95487),
(95491, 95502),
(95506, 95515),
(95519, 95532),
(95536, 95550),
(95551, 95616),
(95620, 95633),
(95637, 95650),
(95654, 95669),
(95673, 95684),
(95685, 95698),
(95702, 95710),
(95714, 95724),
(95728, 95742),
(95746, 95753),
(95754, 95804),
(95808, 95812),
(95816, 95820),
(95824, 95828),
(95832, 95835),
(95836, 95878),
(95882, 95919),
(95923, 95961),
(95965, 96011),
(96015, 96033),
(96034, 96090),
(96094, 96118),
(96122, 96150),
(96154, 96167),
(96171, 96200),
(96201, 96255),
(96259, 96266),
(96270, 96280),
(96284, 96291),
(96295, 96306),
(96307, 96346),
(96350, 96362),
(96366, 96376),
(96380, 96390),
(96394, 96403),
(96404, 96628),
(96632, 96642),
(96646, 96657),
(96661, 96672),
(96676, 96685),
(96686, 96751),
(96755, 96796),
(96800, 96825),
(96829, 96851),
(96855, 96878),
(96879, 96962),
(96966, 96979),
(96983, 96995),
(96999, 97027),
(97031, 97041),
(97042, 97180),
(97184, 97193),
(97197, 97208),
(97212, 97223),
(97227, 97237),
(97238, 97286),
(97290, 97319),
(97323, 97350),
(97354, 97385),
(97389, 97413),
(97414, 97460),
(97464, 97473),
(97477, 97486),
(97490, 97499),
(97503, 97511),
(97512, 97570),
(97574, 97653),
(97657, 97727),
(97731, 97805),
(97809, 97888),
(97889, 97941),
(97945, 97975),
(97979, 98002),
(98006, 98029),
(98033, 98060),
(98061, 98106),
(98110, 98122),
(98126, 98144),
(98148, 98168),
(98172, 98192),
(98193, 98268),
(98272, 98361),
(98365, 98459),
(98463, 98553),
(98557, 98649),
(98650, 98705),
(98709, 98720),
(98724, 98730),
(98734, 98749),
(98753, 98759),
(98760, 98811),
(98815, 98824),
(98828, 98841),
(98845, 98859),
(98863, 98872),
(98873, 98907),
(98911, 98922),
(98926, 98939),
(98943, 98955),
(98959, 98973),
(98974, 99018),
(99022, 99055),
(99059, 99086),
(99090, 99119),
(99123, 99149),
(99150, 99197),
(99201, 99226),
(99230, 99257),
(99261, 99281),
(99285, 99320),
(99321, 99386),
(99390, 99397),
(99401, 99407),
(99411, 99418),
(99422, 99427),
(99428, 99467),
(99471, 99480),
(99484, 99491),
(99495, 99502),
(99506, 99516),
(99517, 99577),
(99581, 99592),
(99596, 99607),
(99611, 99617),
(99621, 99634),
(99635, 99680),
(99684, 99712),
(99716, 99746),
(99750, 99776),
(99780, 99814),
(99815, 99855),
(99859, 99893),
(99897, 99932),
(99936, 99969),
(99973, 100004),
(100005, 100044),
(100048, 100055),
(100059, 100068),
(100072, 100084),
(100088, 100099),
(100100, 100166),
(100170, 100207),
(100211, 100250),
(100254, 100296),
(100300, 100343),
(100344, 100424),
(100428, 100480),
(100484, 100543),
(100547, 100605),
(100609, 100655),
(100656, 100729),
(100733, 100765),
(100769, 100804),
(100808, 100825),
(100829, 100848),
(100849, 100862),
(100866, 100896),
(100900, 100931),
(100935, 100942),
(100946, 100961),
(100962, 101010),
(101014, 101031),
(101035, 101050),
(101054, 101079),
(101083, 101101),
(101102, 101166),
(101170, 101178),
(101182, 101194),
(101198, 101209),
(101213, 101229),
(101230, 101277),
(101281, 101296),
(101300, 101318),
(101322, 101344),
(101348, 101367),
(101368, 101407),
(101411, 101444),
(101448, 101489),
(101493, 101530),
(101534, 101558),
(101559, 101619),
(101623, 101639),
(101643, 101662),
(101666, 101682),
(101686, 101705),
(101706, 101951),
(101955, 101962),
(101966, 101981),
(101985, 101997),
(102001, 102012),
(102013, 102050),
(102054, 102070),
(102074, 102097),
(102101, 102132),
(102136, 102150),
(102151, 102217),
(102221, 102234),
(102238, 102251),
(102255, 102270),
(102274, 102285),
(102286, 102318),
(102322, 102333),
(102337, 102348),
(102352, 102364),
(102368, 102379),
(102380, 102426),
(102430, 102456),
(102460, 102471),
(102475, 102487),
(102491, 102503),
(102504, 102573),
(102577, 102586),
(102590, 102597),
(102601, 102614),
(102618, 102624),
(102625, 102704),
(102708, 102736),
(102740, 102764),
(102768, 102808),
(102812, 102883),
(102884, 102922),
(102926, 102937),
(102941, 102953),
(102957, 102970),
(102974, 102982),
(102983, 103056),
(103060, 103085),
(103089, 103116),
(103120, 103147),
(103151, 103183),
(103184, 103233),
(103237, 103273),
(103277, 103309),
(103313, 103344),
(103348, 103378),
(103379, 103458),
(103462, 103469),
(103473, 103483),
(103487, 103496),
(103500, 103512),
(103513, 103550),
(103554, 103574),
(103578, 103600),
(103604, 103624),
(103628, 103647),
(103648, 104011),
(104015, 104062),
(104066, 104113),
(104117, 104164),
(104168, 104212),
(104213, 104264),
(104268, 104286),
(104290, 104312),
(104316, 104333),
(104337, 104356),
(104357, 104411),
(104415, 104436),
(104440, 104460),
(104464, 104485),
(104489, 104511),
(104512, 104576),
(104580, 104624),
(104628, 104690),
(104694, 104720),
(104724, 104770),
(104771, 104788),
(104792, 104803),
(104807, 104819),
(104823, 104837),
(104841, 104858),
(104859, 104902),
(104906, 104977),
(104981, 105038),
(105042, 105093),
(105097, 105133),
(105134, 105167),
(105171, 105182),
(105186, 105205),
(105209, 105222),
(105226, 105242),
(105243, 105262),
(105266, 105275),
(105279, 105290),
(105294, 105310),
(105314, 105326),
(105327, 105345),
(105349, 105383),
(105387, 105437),
(105441, 105456),
(105460, 105474),
(105475, 105557),
(105561, 105642),
(105646, 105717),
(105721, 105779),
(105783, 105797),
(105798, 105831),
(105835, 105845),
(105849, 105864),
(105868, 105881),
(105885, 105897),
(105898, 105933),
(105937, 105961),
(105965, 105990),
(105994, 106018),
(106022, 106040),
(106041, 106192),
(106196, 106206),
(106210, 106222),
(106226, 106235),
(106239, 106246),
(106247, 106279),
(106283, 106297),
(106301, 106318),
(106322, 106335),
(106339, 106352),
(106353, 106416),
(106420, 106433),
(106437, 106449),
(106453, 106465),
(106469, 106480),
(106481, 106527),
(106531, 106541),
(106545, 106560),
(106564, 106576),
(106580, 106593),
(106594, 106639),
(106643, 106666),
(106670, 106700),
(106704, 106715),
(106719, 106738),
(106739, 107076),
(107080, 107091),
(107095, 107105),
(107109, 107119),
(107123, 107134),
(107135, 107185),
(107189, 107203),
(107207, 107218),
(107222, 107235),
(107239, 107248),
(107249, 107328),
(107332, 107372),
(107376, 107429),
(107433, 107469),
(107473, 107518),
(107519, 107545),
(107549, 107562),
(107566, 107578),
(107582, 107596),
(107600, 107609),
(107610, 107653),
(107657, 107667),
(107671, 107684),
(107688, 107697),
(107701, 107714),
(107715, 107879),
(107883, 107892),
(107896, 107907),
(107911, 107922),
(107926, 107950),
(107951, 108008),
(108012, 108034),
(108038, 108061),
(108065, 108088),
(108092, 108106),
(108107, 108126),
(108130, 108144),
(108148, 108158),
(108162, 108177),
(108181, 108190),
(108191, 108289),
(108293, 108316),
(108320, 108341),
(108345, 108363),
(108367, 108382),
(108383, 108549),
(108553, 108576),
(108580, 108603),
(108607, 108630),
(108634, 108656),
(108657, 108736),
(108740, 108752),
(108756, 108769),
(108773, 108789),
(108793, 108809),
(108810, 108867),
(108871, 108875),
(108879, 108883),
(108887, 108891),
(108895, 108898),
(108899, 108929),
(108933, 108951),
(108955, 108970),
(108974, 108982),
(108986, 108996),
(108997, 109140),
(109144, 109227),
(109231, 109289),
(109293, 109363),
(109367, 109435),
(109436, 109478),
(109482, 109491),
(109495, 109516),
(109520, 109536),
(109540, 109557),
(109558, 109643),
(109647, 109665),
(109669, 109684),
(109688, 109712),
(109716, 109726),
(109727, 109775),
(109779, 109796),
(109800, 109816),
(109820, 109835),
(109839, 109853),
(109854, 109885),
(109889, 109902),
(109906, 109913),
(109917, 109925),
(109929, 109940),
(109941, 109969),
(109973, 109985),
(109989, 109997),
(110001, 110010),
(110014, 110020),
(110021, 110061),
(110065, 110096),
(110100, 110140),
(110144, 110195),
(110199, 110216),
(110217, 110254),
(110258, 110264),
(110268, 110275),
(110279, 110286),
(110290, 110299),
(110300, 110371),
(110375, 110387),
(110391, 110398),
(110402, 110414),
(110418, 110424),
(110425, 110466),
(110470, 110477),
(110481, 110492),
(110496, 110507),
(110511, 110521),
(110522, 110598),
(110602, 110614),
(110618, 110633),
(110637, 110653),
(110657, 110666),
(110667, 110712),
(110716, 110741),
(110745, 110760),
(110764, 110788),
(110792, 110805),
(110806, 110835),
(110839, 110853),
(110857, 110871),
(110875, 110891),
(110895, 110910),
(110911, 110945),
(110949, 110959),
(110963, 110975),
(110979, 110989),
(110993, 111007),
(111008, 111046),
(111050, 111069),
(111073, 111082),
(111086, 111108),
(111112, 111125),
(111126, 111206),
(111210, 111219),
(111223, 111237),
(111241, 111259),
(111263, 111277),
(111278, 111310),
(111314, 111327),
(111331, 111342),
(111346, 111357),
(111361, 111371),
(111372, 111398),
(111402, 111408),
(111412, 111423),
(111427, 111437),
(111441, 111453),
(111454, 111505),
(111509, 111517),
(111521, 111528),
(111532, 111544),
(111548, 111556),
(111557, 111592),
(111596, 111621),
(111625, 111661),
(111665, 111691),
(111695, 111718),
(111719, 111788),
(111792, 111835),
(111839, 111878),
(111882, 111924),
(111928, 111965),
(111966, 111987),
(111991, 112003),
(112007, 112019),
(112023, 112036),
(112040, 112051),
(112052, 112080),
(112084, 112120),
(112124, 112169),
(112173, 112215),
(112219, 112253),
(112254, 112294),
(112298, 112305),
(112309, 112319),
(112323, 112333),
(112337, 112343),
(112344, 112422),
(112426, 112538),
(112542, 112610),
(112614, 112683),
(112687, 112764),
(112765, 112838),
(112842, 112847),
(112851, 112856),
(112860, 112867),
(112871, 112876),
(112877, 112905),
(112909, 112920),
(112924, 112932),
(112936, 112942),
(112946, 112959),
(112960, 113028),
(113032, 113068),
(113072, 113124),
(113128, 113168),
(113172, 113197),
(113198, 113253),
(113257, 113272),
(113276, 113289),
(113293, 113303),
(113307, 113316),
(113317, 113539),
(113543, 113558),
(113562, 113576),
(113580, 113594),
(113598, 113612),
(113613, 113682),
(113686, 113703),
(113707, 113724),
(113728, 113738),
(113742, 113755),
(113756, 113798),
(113802, 113811),
(113815, 113827),
(113831, 113843),
(113847, 113855),
(113856, 113924),
(113928, 113939),
(113943, 113954),
(113958, 113973),
(113977, 113996),
(113997, 114031),
(114035, 114046),
(114050, 114063),
(114067, 114075),
(114079, 114089),
(114090, 114137),
(114141, 114147),
(114151, 114158),
(114162, 114169),
(114173, 114183),
(114184, 114308),
(114312, 114322),
(114326, 114336),
(114340, 114350),
(114354, 114368),
(114369, 114426),
(114430, 114440),
(114444, 114455),
(114459, 114468),
(114472, 114483),
(114484, 114537),
(114541, 114549),
(114553, 114572),
(114576, 114585),
(114589, 114602),
(114603, 114643),
(114647, 114689),
(114693, 114723),
(114727, 114755),
(114759, 114789),
(114790, 114842),
(114846, 114865),
(114869, 114880),
(114884, 114894),
(114898, 114911),
(114912, 114959),
(114963, 114976),
(114980, 114993),
(114997, 115009),
(115013, 115025),
(115026, 115050),
(115054, 115062),
(115066, 115077),
(115081, 115094),
(115098, 115108),
(115109, 115129),
(115133, 115147),
(115151, 115173),
(115177, 115202),
(115206, 115220),
(115221, 115309),
(115313, 115325),
(115329, 115345),
(115349, 115363),
(115367, 115380),
(115381, 115410),
(115414, 115435),
(115439, 115490),
(115494, 115512),
(115516, 115534),
(115535, 115572),
(115576, 115609),
(115613, 115637),
(115641, 115659),
(115663, 115691),
(115692, 115745),
(115749, 115762),
(115766, 115778),
(115782, 115795),
(115799, 115812),
(115813, 115857),
(115861, 115901),
(115905, 115936),
(115940, 115981),
(115985, 116044),
(116045, 116108),
(116112, 116125),
(116129, 116142),
(116146, 116157),
(116161, 116173),
(116174, 116444),
(116448, 116459),
(116463, 116473),
(116477, 116485),
(116489, 116494),
(116495, 116529),
(116533, 116588),
(116592, 116616),
(116620, 116644),
(116648, 116666),
(116667, 116701),
(116705, 116716),
(116720, 116734),
(116738, 116751),
(116755, 116769),
(116770, 116819),
(116823, 116830),
(116834, 116847),
(116851, 116861),
(116865, 116872),
(116873, 116909),
(116913, 116935),
(116939, 116959),
(116963, 116979),
(116983, 116997),
(116998, 117049),
(117053, 117062),
(117066, 117079),
(117083, 117100),
(117104, 117116),
(117117, 117171),
(117175, 117190),
(117194, 117211),
(117215, 117227),
(117231, 117249),
(117250, 117326),
(117330, 117344),
(117348, 117357),
(117361, 117377),
(117381, 117395),
(117396, 117441),
(117445, 117455),
(117459, 117471),
(117475, 117485),
(117489, 117503),
(117504, 117639),
(117643, 117710),
(117714, 117767),
(117771, 117808),
(117812, 117889),
(117891, 117926),
(117930, 117943),
(117947, 117956),
(117960, 117974),
(117978, 117988),
(117989, 118045),
(118049, 118060),
(118064, 118071),
(118075, 118088),
(118092, 118099),
(118100, 118129),
(118133, 118140),
(118144, 118161),
(118165, 118174),
(118178, 118188),
(118189, 118260),
(118264, 118273),
(118277, 118286),
(118290, 118301),
(118305, 118315),
(118316, 118388),
(118392, 118404),
(118408, 118421),
(118425, 118443),
(118447, 118463),
(118464, 118518),
(118522, 118534),
(118538, 118548),
(118552, 118564),
(118568, 118581),
(118582, 118632),
(118636, 118643),
(118647, 118661),
(118665, 118675),
(118679, 118686),
(118687, 118744),
(118748, 118763),
(118767, 118779),
(118783, 118793),
(118797, 118806),
(118807, 118851),
(118855, 118878),
(118882, 118902),
(118906, 118925),
(118929, 118943),
(118944, 118987),
(118991, 119009),
(119013, 119020),
(119024, 119033),
(119037, 119052),
(119053, 119089),
(119093, 119105),
(119109, 119121),
(119125, 119137),
(119141, 119153),
(119154, 119175),
(119179, 119191),
(119195, 119206),
(119210, 119218),
(119222, 119234),
(119235, 119477),
(119481, 119500),
(119504, 119522),
(119526, 119545),
(119549, 119573),
